44,51,55,51,48,44,51,55,51,49,44,51,55,51,50,10
50,55,10
51,55,50,52,44,51,55,50,53,44,51,55,50,54,44,51,55,50,55,44,51,55,50,56,10
51,55,50,53,44,51,55,50,54,44,51,55,50,55,44,51,55,50,56,44,51,55,50,57,10
51,55,50,54,44,51,55,50,55,44,51,55,50,56,44,51,55,50,57,44,51,55,51,48,10
51,55,50,55,44,51,55,50,56,44,51,55,50,57,44,51,55,51,48,44,51,55,51,49,10
51,55,50,56,44,51,55,50,57,44,51,55,51,48,44,51,55,51,49,44,51,55,51,50,10
48,44,49,44,50,44,51,44,52,10
49,44,50,44,51,44,52,44,53,10
50,44,51,44,52,44,53,44,54,10
51,44,52,44,53,44,54,44,55,10
52,44,53,44,54,44,55,44,56,10
53,44,54,44,55,44,56,44,57,10
54,44,55,44,56,44,57,44,49,48,10
55,44,56,44,57,44,49,48,44,49,49,10
56,44,57,44,49,48,44,49,49,44,49,50,10
57,44,49,48,44,49,49,44,49,50,44,49,51,10
49,48,44,49,49,44,49,50,44,49,51,44,49,52,10
49,49,44,49,50,44,49,51,44,49,52,44,49,53,10
49,50,44,49,51,44,49,52,44,49,53,44,49,54,10
49,51,44,49,52,44,49,53,44,49,54,44,49,55,10
49,52,44,49,53,44,49,54,44,49,55,44,49,56,10
49,53,44,49,54,44,49,55,44,49,56,44,49,57,10
49,54,44,49,55,44,49,56,44,49,57,44,50,48,10
49,55,44,49,56,44,49,57,44,50,48,44,50,49,10
49,56,44,49,57,44,50,48,44,50,49,44,50,50,10
49,57,44,50,48,44,50,49,44,50,50,44,50,51,10
